NOAA 15                 
1 25338U 98030A   23190.53445618  .00000212  00000+0  10624-3 0  9992
2 25338  98.6043 219.2078 0009234 245.5977 114.4240 14.26348583308448
NOAA 18                 
1 28654U 05018A   23190.44308676  .00000181  00000+0  12093-3 0  9999
2 28654  98.9093 264.7255 0013399 320.2511  39.7678 14.12966137934719
NOAA 19                 
1 33591U 09005A   23190.49039451  .00000193  00000+0  12848-3 0  9993
2 33591  99.0981 236.7723 0014015 175.9448 184.1839 14.12783117743090
METOP-B                 
1 38771U 12049A   23190.48051257  .00000127  00000+0  78029-4 0  9998
2 38771  98.6773 249.4815 0001022  84.3828 337.2631 14.21508001560715
SARAL                   
1 39086U 13009A   23190.17551910  .00000110  00000+0  56848-4 0  9999
2 39086  98.5480  15.1440 0001461 181.1242 178.9939 14.32231546541836
METOP-C                 
1 43689U 18087A   23190.43492125  .00000125  00000+0  77246-4 0  9996
2 43689  98.6819 249.5844 0002870  24.2784 335.8528 14.21499155242286
ANGELS                  
1 44876U 19092D   23190.50646937  .00004119  00000+0  18542-3 0  9992
2 44876  97.4785  15.0330 0012668  89.3964 270.8723 15.21580367197010
GAZELLE                 
1 54023U 22127A   23190.50200052  .00000128  00000+0  52212-4 0  9993
2 54023  98.3233 187.8603 0013265 183.1558 176.9550 14.41857838 39593
EOS-6 (OCEANSAT-3)      
1 54361U 22158A   23190.48467324  .00000373  00000+0  11456-3 0  9992
2 54361  98.3539 287.1615 0001467  88.8468 271.2892 14.46980561 32569
