BEIJING 1               
1 28890U 05043A   23190.53831404  .00000336  00000+0  76656-4 0  9997
2 28890  98.1621 311.8727 0015972  45.9714 314.2800 14.61836543943688
HJ-1A                   
1 33320U 08041A   23190.50347071  .00000740  00000+0  10761-3 0  9994
2 33320  97.6432 209.7166 0022059  54.9659 305.3618 14.78510601799566
HJ-1B                   
1 33321U 08041B   23190.48818474  .00001555  00000+0  21416-3 0  9996
2 33321  97.6451 214.0424 0040821  98.0253 262.5594 14.79022589799550
YAOGAN 4                
1 33446U 08061A   23190.41605621  .00001294  00000+0  18449-3 0  9999
2 33446  97.8519 124.8277 0014882 325.6996  34.3253 14.78384795786743
DEIMOS-1                
1 35681U 09041A   23190.51803521  .00000500  00000+0  85866-4 0  9998
2 35681  97.6840  26.0553 0002821  73.9096 286.2423 14.72574752748726
UK-DMC 2                
1 35683U 09041C   23190.54795422  .00000811  00000+0  13606-3 0  9990
2 35683  97.7359 348.6417 0001762  95.4422 264.6987 14.72201878748430
RISAT 1                 
1 38248U 12017A   23190.48880858  .00005147  00000+0  26712-3 0  9997
2 38248  97.5407 203.3968 0003992  32.5218 327.6260 15.16564616617397
DMC3-FM1                
1 40715U 15032A   23190.44152812  .00000702  00000+0  93226-4 0  9994
2 40715  97.7976  73.6562 0005545 352.0861   8.0264 14.82790218430624
DMC3-FM2                
1 40716U 15032B   23190.53088707  .00000664  00000+0  88529-4 0  9993
2 40716  97.8023  74.6001 0007425 350.9335   9.1743 14.82804799430635
DMC3-FM3                
1 40717U 15032C   23190.48715801  .00000640  00000+0  85615-4 0  9997
2 40717  97.8064  75.6430 0008926 346.7257  13.3721 14.82779283430633
