GALAXY 25 (G-25)        
1 24812U 97026A   23189.76024319 -.00000057  00000+0  00000+0 0  9997
2 24812   4.6601  79.7677 0012902  14.2931 303.6120  0.99035894 95571
INTELSAT 5 (IS-5)       
1 24916U 97046A   23190.55040810 -.00000072  00000+0  00000+0 0  9994
2 24916   8.0556  58.2389 0002290  78.4737 154.7952  1.00272066 94844
GALAXY 11 (G-11)        
1 26038U 99071A   23189.84572317 -.00000169  00000+0  00000+0 0  9990
2 26038   3.9796  83.3881 0002501 107.8378 306.6357  1.00270960 86300
INTELSAT 9 (IS-9)       
1 26451U 00043A   23189.64302655 -.00000297  00000+0  00000+0 0  9996
2 26451   8.0395  58.4397 0002280  53.6153 355.7521  1.00272660 84077
INTELSAT 1R (IS-1R)     
1 26608U 00072A   23189.61066087 -.00000147  00000+0  00000+0 0  9999
2 26608   5.4383  75.9796 0000807 105.9026 121.3413  1.00272114 82876
INTELSAT 10 (IS-10)     
1 26766U 01019A   23189.89979971  .00000025  00000+0  00000+0 0  9995
2 26766   6.4972  69.9534 0003230  23.0795 335.2579  1.00270651 81169
INTELSAT 901 (IS-901)   
1 26824U 01024A   23190.03660451 -.00000207  00000+0  00000+0 0  9997
2 26824   0.0426 260.2062 0001038 218.3951 153.7846  1.00270558 80814
INTELSAT 902 (IS-902)   
1 26900U 01039A   23189.78264456 -.00000289  00000+0  00000+0 0  9993
2 26900   3.3809  84.6809 0002582  23.7616  49.6777  1.00270904 79996
INTELSAT 904 (IS-904)   
1 27380U 02007A   23190.50342839 -.00000220  00000+0  00000+0 0  9991
2 27380   4.2091  81.7585 0002890  24.7448 332.3983  1.00272403 78320
DIRECTV 5 (TEMPO 1)     
1 27426U 02023A   23190.05736904 -.00000061  00000+0  00000+0 0  9993
2 27426   2.1133  88.6550 0003340  29.8580  78.7445  1.00271423 77534
INTELSAT 905 (IS-905)   
1 27438U 02027A   23190.43283331 -.00000191  00000+0  00000+0 0  9997
2 27438   4.0326  82.4547 0002566  32.0237 303.9491  1.00270610 77209
GALAXY 3C (G-3C)        
1 27445U 02030A   23190.06039326 -.00000157  00000+0  00000+0 0  9993
2 27445   0.9491  90.4924 0001797 101.1397  21.9790  1.00270754 77188
INTELSAT 906 (IS-906)   
1 27513U 02041A   23190.09212128  .00000008  00000+0  00000+0 0  9991
2 27513   3.0533  86.0169 0004295  10.9529 287.0963  1.00271364 76204
GALAXY 12 (G-12)        
1 27715U 03013B   23190.52996856  .00000089  00000+0  00000+0 0  9999
2 27715   4.2433  81.4653 0001805  26.0985 233.3191  1.00272347 74246
GALAXY 23 (G-23)        
1 27854U 03034A   23190.05527708  .00000008  00000+0  00000+0 0  9991
2 27854   0.4157  94.3522 0002916  12.8449  78.4408  1.00272156 77779
GALAXY 13 (HORIZONS-1)  
1 27954U 03044A   23190.53697594  .00000044  00000+0  00000+0 0  9997
2 27954   0.0460  74.5892 0002149  58.7366 220.1496  1.00273443 72394
INTELSAT 10-02          
1 28358U 04022A   23190.07913370 -.00000016  00000+0  00000+0 0  9995
2 28358   0.0170  78.6714 0001074  61.0994 174.4596  1.00271970 69851
XM-3 (RHYTHM)           
1 28626U 05008A   23190.06239806 -.00000210  00000+0  00000+0 0  9998
2 28626   0.0449 195.8467 0000110  15.7602  12.4789  1.00270564 67296
DIRECTV 8               
1 28659U 05019A   23189.58785539 -.00000004  00000+0  00000+0 0  9991
2 28659   0.0185  48.3484 0002878  71.4248 259.0721  1.00271619 66418
GALAXY 28 (G-28)        
1 28702U 05022A   23189.63158882 -.00000190  00000+0  00000+0 0  9991
2 28702   0.5185  91.5900 0001553  61.0375 272.0646  1.00270936 66052
GALAXY 14 (G-14)        
1 28790U 05030A   23190.26993684  .00000150  00000+0  00000+0 0  9990
2 28790   2.2461  87.9455 0001402  18.8292 310.2432  1.00273860 65539
GALAXY 15 (G-15)        
1 28884U 05041A   23189.63036851 -.00000002  00000+0  00000+0 0  9996
2 28884   0.7343  84.4858 0014249  96.2530 237.5803  0.98938539 64823
SPACEWAY 2              
1 28903U 05046B   23190.52948779  .00000098  00000+0  00000+0 0  9998
2 28903   2.7924  84.3636 0000433 191.9295  62.6171  1.00271722 64739
GALAXY 16 (G-16)        
1 29236U 06023A   23190.41801528 -.00000131  00000+0  00000+0 0  9991
2 29236   0.0411 231.0474 0002066 274.1976 193.3219  1.00270606 62504
DIRECTV 9S              
1 29494U 06043A   23189.70071743 -.00000118  00000+0  00000+0 0  9992
2 29494   0.1830 276.1090 0003038 190.9969 330.3223  1.00271831 61336
XM-4 (BLUES)            
1 29520U 06049A   23190.07155036 -.00000260  00000+0  00000+0 0  9996
2 29520   0.0727 117.6955 0000492 282.1934 233.6273  1.00272898 61228
GALAXY 17 (G-17)        
1 31307U 07016B   23190.06239806 -.00000210  00000+0  00000+0 0  9999
2 31307   0.2402  94.3203 0002101  45.5178  84.3525  1.00270369 59301
DIRECTV 10              
1 31862U 07032A   23190.47802312 -.00000107  00000+0  00000+0 0  9991
2 31862   0.0327 209.1030 0000484 329.6632 177.6612  1.00269902 58648
SPACEWAY 3              
1 32018U 07036A   23190.49046250 -.00000156  00000+0  00000+0 0  9996
2 32018   1.2131  89.3263 0000449 338.9083 300.5249  1.00271072 58361
INTELSAT 11 (IS-11)     
1 32253U 07044B   23189.78403920 -.00000274  00000+0  00000+0 0  9998
2 32253   0.7746  92.0669 0003242  24.2609  49.3833  1.00271317 57753
HORIZONS-2              
1 32388U 07063B   23189.77793766 -.00000258  00000+0  00000+0 0  9999
2 32388   0.0197  72.7606 0002497  48.5677  11.3830  1.00272421 57108
DIRECTV 11              
1 32729U 08013A   23190.05960878 -.00000130  00000+0  00000+0 0  9996
2 32729   0.0165  71.2164 0000537 107.0764  30.7073  1.00270228 56168
GALAXY 18 (G-18)        
1 32951U 08024A   23189.58531473  .00000020  00000+0  00000+0 0  9993
2 32951   0.0201  78.3756 0003057  31.5866 263.9985  1.00270959 55314
INTELSAT 25 (IS-25)     
1 33153U 08034A   23189.78639265 -.00000229  00000+0  00000+0 0  9991
2 33153   0.0167  11.1422 0002977  97.4940  69.4199  1.00270479 54861
GALAXY 19 (G-19)        
1 33376U 08045A   23190.41836394 -.00000143  00000+0  00000+0 0  9999
2 33376   0.0166  54.5723 0003113  66.0663 220.0468  1.00271295 54073
FM-5                    
1 35493U 09034A   23190.34884391 -.00000204  00000+0  00000+0 0  9990
2 35493   0.0133 317.2286 0000484 290.4339  78.7930  1.00272284 51217
INTELSAT 14 (IS-14)     
1 36097U 09064A   23189.78369053 -.00000278  00000+0  00000+0 0  9994
2 36097   0.0145  29.5610 0002507  86.2841  47.7504  1.00272026 49924
INTELSAT 15 (IS-15)     
1 36106U 09067A   23189.89257742 -.00000190  00000+0  00000+0 0  9994
2 36106   0.0207  49.8671 0002265  61.7272 221.4490  1.00271945 49837
DIRECTV 12              
1 36131U 09075A   23190.05891146 -.00000108  00000+0  00000+0 0  9992
2 36131   0.0319 196.1359 0000380 280.3378  88.7267  1.00271436 49617
INTELSAT 16 (IS-16)     
1 36397U 10006A   23189.77741466 -.00000249  00000+0  00000+0 0  9994
2 36397   0.0201  53.4367 0002240  77.0995 359.5846  1.00271407 48943
XM-5                    
1 37185U 10053A   23190.05641022 -.00000028  00000+0  00000+0 0  9997
2 37185   0.0279 283.3401 0000319  11.2903 257.2067  1.00273319 46672
INTELSAT 17 (IS-17)     
1 37238U 10065B   23190.37917730 -.00000006  00000+0  00000+0 0  9992
2 37238   0.0052  71.2994 0002462  43.2858  14.9735  1.00272698 46158
INTELSAT NEW DAWN       
1 37392U 11016A   23190.07618760  .00000151  00000+0  00000+0 0  9998
2 37392   0.0159  59.9485 0000782  72.5895 214.4532  1.00269514 44742
INTELSAT 18 (IS-18)     
1 37834U 11056A   23190.55951573  .00000049  00000+0  00000+0 0  9994
2 37834   0.0137  63.8241 0001921  49.4460 195.3744  1.00271768 43071
INTELSAT 22 (IS-22)     
1 38098U 12011A   23189.80695097 -.00000064  00000+0  00000+0 0  9999
2 38098   0.0198  61.7804 0002538  53.4679 173.8456  1.00272353 41277
INTELSAT 19 (IS-19)     
1 38356U 12030A   23189.84285574 -.00000061  00000+0  00000+0 0  9993
2 38356   0.0152  41.1944 0003046  71.4658 283.2899  1.00271858 40740
INTELSAT 20 (IS-20)     
1 38740U 12043A   23189.80625365 -.00000029  00000+0  00000+0 0  9990
2 38740   0.0104  64.8846 0001497 124.6418  95.7051  1.00271181 40059
INTELSAT 21 (IS-21)     
1 38749U 12045A   23190.06780227 -.00000289  00000+0  00000+0 0  9998
2 38749   0.0157  27.5307 0002389  87.7698 137.8431  1.00271786 39862
INTELSAT 23 (IS-23)     
1 38867U 12057A   23190.06876109 -.00000289  00000+0  00000+0 0  9997
2 38867   0.0424 222.0966 0000993 203.3444 193.0536  1.00269801 39334
FM-6                    
1 39360U 13058A   23190.05623590 -.00000021  00000+0  00000+0 0  9995
2 39360   0.0342  66.1467 0000457 184.5823 300.0865  1.00271608 35576
INTELSAT 30 (IS-30)     
1 40271U 14062A   23190.41879976 -.00000155  00000+0  00000+0 0  9993
2 40271   0.0188  48.0288 0001667  33.6421 261.1217  1.00272185 31990
DIRECTV 14              
1 40333U 14078B   23189.59973080 -.00000130  00000+0  00000+0 0  9990
2 40333   0.0192  60.6287 0000230 107.7276 234.5854  1.00270068 31471
DIRECTV 15              
1 40663U 15026A   23189.70036877 -.00000107  00000+0  00000+0 0  9991
2 40663   0.0147  71.2063 0000115 287.6401  76.7918  1.00266427 29767
SKY MEXICO-1            
1 40664U 15026B   23189.77697884 -.00000239  00000+0  00000+0 0  9996
2 40664   0.0104  18.5034 0002249  99.1027   9.7975  1.00271380 29766
INTELSAT 34 (IS-34)     
1 40874U 15039A   23189.78159858 -.00000290  00000+0  00000+0 0  9995
2 40874   0.0180 323.4147 0001063  49.1571 139.7695  1.00271350 28846
INTELSAT 31 (IS-31)     
1 41581U 16035A   23190.26785424 -.00000155  00000+0  00000+0 0  9997
2 41581   0.0399 219.7355 0001297   4.8160  63.7502  1.00271671 25917
INTELSAT 36 (IS-36)     
1 41747U 16053A   23190.37961312 -.00000028  00000+0  00000+0 0  9994
2 41747   0.0097  13.3225 0002479 349.0618 129.8157  1.00270919 25177
INTELSAT 33E (IS-33E)   
1 41748U 16053B   23189.80459751  .00000045  00000+0  00000+0 0  9998
2 41748   0.0158  36.0824 0001989  49.2928 190.7347  1.00271588 25442
INTELSAT 32E (IS-32E)   
1 41945U 17007B   23190.50072628 -.00000273  00000+0  00000+0 0  9994
2 41945   0.0179  49.8428 0000655 323.8967  50.5056  1.00270889 23484
INTELSAT 35E (IS-35E)   
1 42818U 17041A   23190.43082852 -.00000242  00000+0  00000+0 0  9990
2 42818   0.0219  47.6018 0001605  61.4042 298.7030  1.00269940 22040
INTELSAT 37E (IS-37E)   
1 42950U 17059A   23190.43414080 -.00000145  00000+0  00000+0 0  9990
2 42950   0.0193  40.7021 0002443  84.7003 299.9919  1.00269176 21276
AZERSPACE 2 (IS-38)     
1 43632U 18074A   23190.44669253  .00000132  00000+0  00000+0 0  9996
2 43632   0.0194  42.6482 0001346  61.2138  29.1774  1.00270778 17678
HORIZONS-3E             
1 43633U 18074B   23189.83729862 -.00000035  00000+0  00000+0 0  9994
2 43633   0.0441 196.7789 0000828  79.2743 120.8867  1.00272008 17557
AT&T T-16               
1 44333U 19034A   23190.01911866 -.00000120  00000+0  00000+0 0  9993
2 44333   0.0197 298.7099 0000302  70.6886 183.3210  1.00272853 14854
INTELSAT 39 (IS-39)     
1 44476U 19049B   23189.80494618  .00000029  00000+0  00000+0 0  9990
2 44476   0.0197  32.2895 0000733 301.4363 304.4786  1.00269375 14354
GALAXY 30 (G-30)        
1 46114U 20056C   23190.05440543  .00000032  00000+0  00000+0 0  9992
2 46114   0.0191  36.8970 0001972  66.3664  78.0430  1.00272305 10634
GALAXY 33 (G-33)        
1 54026U 22128A   23190.53362188  .00000075  00000+0  00000+0 0  9993
2 54026   0.0107  54.9690 0001852  54.2401 237.0901  1.00271386  2981
GALAXY 34 (G-34)        
1 54027U 22128B   23190.53616492  .00000055  00000+0  00000+0 0  9992
2 54027   0.0125  46.3451 0001373  63.7440 241.1409  1.00273961  3002
GALAXY 31 (G-31)        
1 54243U 22153A   23189.69688219  .00000008  00000+0  00000+0 0  9999
2 54243   0.0187  50.8196 0001738 209.5999 155.8252  1.00271677  2389
GALAXY 32 (G-32)        
1 54244U 22153B   23189.84615899 -.00000179  00000+0  00000+0 0  9991
2 54244   0.0113  37.9802 0001884  17.1449  85.0052  1.00271799  2392
GALAXY 35 (G-35)        
1 54741U 22170A   23189.84572317 -.00000167  00000+0  00000+0 0  9996
2 54741   0.0161  58.8845 0000429 108.0528 330.9429  1.00271329  2139
GALAXY 36 (G-36)        
1 54742U 22170B   23189.77488689 -.00000190  00000+0  00000+0 0  9993
2 54742   0.0163  64.8136 0003515  37.0394  14.5498  1.00271374  2145
