SCD 1                   
1 22490U 93009B   23190.19086181  .00000425  00000+0  67357-4 0  9999
2 22490  24.9710 353.1105 0042543 300.6548 220.8820 14.44952498605940
TECHSAT 1B (GO-32)      
1 25397U 98043D   23190.49599667  .00000087  00000+0  57810-4 0  9999
2 25397  98.8697 148.1459 0002413  78.9655 281.1794 14.23885857298728
SCD 2                   
1 25504U 98060A   23190.18292946  .00000422  00000+0  68665-4 0  9997
2 25504  24.9937 210.3222 0016877 302.9398 128.3812 14.44448969305171
LANDSAT 7               
1 25682U 99020A   23190.56457003  .00000409  00000+0  94134-4 0  9995
2 25682  97.9276 227.9277 0001389  80.4084  74.1311 14.60144858289047
DLR-TUBSAT              
1 25757U 99029B   23190.45632042  .00000154  00000+0  50005-4 0  9999
2 25757  98.5349 142.8920 0014834  23.3125 336.8739 14.51676449277527
TERRA                   
1 25994U 99068A   23190.48916725  .00000454  00000+0  10574-3 0  9990
2 25994  98.0936 258.3231 0002041  44.2685  70.9788 14.59284599253034
MAROC-TUBSAT            
1 27004U 01056D   23188.95826986 -.00000012  00000+0  38430-4 0  9995
2 27004  99.6834 335.4761 0020131  22.9870  91.4394 13.70178829 78931
AQUA                    
1 27424U 02022A   23190.51237639  .00000869  00000+0  19855-3 0  9999
2 27424  98.2877 134.8512 0002150  87.8939 337.7590 14.58153039126617
IRS-P6 (RESOURCESAT-1)  
1 28051U 03046A   23190.50860284  .00000199  00000+0  84507-4 0  9993
2 28051  98.3581 254.8256 0057495 306.3040 108.8325 14.34378594 26508
SHIYAN 1 (SY-1)         
1 28220U 04012A   23189.73742269  .00004500  00000+0  31356-3 0  9993
2 28220  97.9867 199.0938 0012216 113.5397 246.7113 15.05914017 48247
AURA                    
1 28376U 04026A   23189.80609637  .00000956  00000+0  22018-3 0  9995
2 28376  98.2107 133.1827 0001907  79.5610 280.5803 14.57561256  9530
IRS-P5 (CARTOSAT-1)     
1 28649U 05017A   23189.74612503  .00001464  00000+0  17615-3 0  9990
2 28649  97.6653 241.6799 0002334  61.4603 298.6847 14.85353616984071
SINAH 1                 
1 28893U 05043D   23190.10999371  .00000427  00000+0  94191-4 0  9996
2 28893  98.1554 312.4857 0015902  45.0758 315.1731 14.62147656943706
EROS B                  
1 29079U 06014A   23190.51257302  .00011477  00000+0  51069-3 0  9991
2 29079  97.3309 309.2279 0016469 317.9093  42.0877 15.21516393955317
RESURS-DK 1             
1 29228U 06021A   23189.51324054  .00001611  00000+0  12040-3 0  9997
2 29228  69.9332 224.0529 0005813 218.2916 141.7834 15.04964246940458
ARIRANG-2 (KOMPSAT-2)   
1 29268U 06031A   23190.52137193  .00000285  00000+0  64227-4 0  9992
2 29268  97.9038  48.9192 0013663 231.3041 188.2381 14.63147066904485
LAPAN-TUBSAT            
1 29709U 07001A   23190.50231151  .00000660  00000+0  87506-4 0  9999
2 29709  98.0204 158.1290 0014107  79.2736 281.0065 14.83148713891869
CARTOSAT-2 (IRS-P7)     
1 29710U 07001B   23190.14038919  .00043875  00000+0  54888-3 0  9999
2 29710  97.8954 329.5987 0094347 121.6329 239.4171 15.54379402895714
HAIYANG-1B              
1 31113U 07010A   23190.52716167  .00000093  00000+0  51473-4 0  9992
2 31113  98.2959 203.3136 0014557 141.1856 219.0376 14.30443210847840
COSMO-SKYMED 1          
1 31598U 07023A   23190.50742647  .00000523  00000+0  72279-4 0  9998
2 31598  97.8887  13.6575 0001406  89.5874 270.5500 14.82146811870295
TERRASAR-X              
1 31698U 07026A   23189.61674522  .00001134  00000+0  57178-4 0  9998
2 31698  97.4456 196.6977 0001881  83.4730 276.6718 15.19147398890745
WORLDVIEW-1 (WV-1)      
1 32060U 07041A   23190.07223974  .00008266  00000+0  33895-3 0  9994
2 32060  97.3996 309.3199 0002610 190.4536 169.6647 15.24504714879384
YAOGAN 3                
1 32289U 07055A   23190.53906011  .00001799  00000+0  22795-3 0  9994
2 32289  97.9185 214.0787 0001368  79.4153 280.7215 14.82994584846367
COSMO-SKYMED 2          
1 32376U 07059A   23190.47368158  .00000563  00000+0  77223-4 0  9997
2 32376  97.8888  13.6260 0001490  91.5985 268.5399 14.82158553843032
RADARSAT-2              
1 32382U 07061A   23190.47508386  .00000073  00000+0  45380-4 0  9991
2 32382  98.5764 196.8013 0001269  89.6298 270.5030 14.29983780812613
CARTOSAT-2A             
1 32783U 08021A   23190.48806487  .00000841  00000+0  12162-3 0  9991
2 32783  97.9150 250.5897 0012257   1.1633 358.9605 14.78702983820211
HUANJING 1A (HJ-1A)     
1 33320U 08041A   23190.50347071  .00000740  00000+0  10761-3 0  9994
2 33320  97.6432 209.7166 0022059  54.9659 305.3618 14.78510601799566
HUANJING 1B (HJ-1B)     
1 33321U 08041B   23190.48818474  .00001555  00000+0  21416-3 0  9996
2 33321  97.6451 214.0424 0040821  98.0253 262.5594 14.79022589799550
GEOEYE 1                
1 33331U 08042A   23190.48470437  .00000561  00000+0  11546-3 0  9990
2 33331  98.0849 264.3346 0007834 149.2318 210.9345 14.64198142793015
THEOS                   
1 33396U 08049A   23190.46012307  .00000062  00000+0  49843-4 0  9992
2 33396  98.7030 257.8472 0001054  99.0389 261.0907 14.20021663765598
COSMO-SKYMED 3          
1 33412U 08054A   23190.50001739  .00002158  00000+0  20697-3 0  9992
2 33412  97.8896  20.1127 0015822 278.1231  81.8193 14.94114700795919
YAOGAN 4                
1 33446U 08061A   23190.41605621  .00001294  00000+0  18449-3 0  9999
2 33446  97.8519 124.8277 0014882 325.6996  34.3253 14.78384795786743
GOSAT (IBUKI)           
1 33492U 09002A   23189.80574872  .00000901  00000+0  16717-3 0  9990
2 33492  98.0128 303.2912 0001282  98.9303 261.2047 14.67577387774348
YAOGAN 6                
1 34839U 09021A   23190.48287136  .00008140  00000+0  23151-3 0  9990
2 34839  97.1269 160.0884 0022410 353.9986   6.0987 15.36142804790518
DEIMOS-1                
1 35681U 09041A   23190.51803521  .00000500  00000+0  85866-4 0  9998
2 35681  97.6840  26.0553 0002821  73.9096 286.2423 14.72574752748726
DUBAISAT-1              
1 35682U 09041B   23190.38239941  .00001100  00000+0  19065-3 0  9997
2 35682  97.8583 332.8570 0009857 274.0386  85.9694 14.70144537747109
OCEANSAT-2              
1 35931U 09051A   23190.52315185 -.00000131  00000+0 -64055-4 0  9991
2 35931  98.3128 266.6734 0016828  27.2774 332.9272 13.99368160729150
WORLDVIEW-2 (WV-2)      
1 35946U 09055A   23190.46697796  .00000137  00000+0  60183-4 0  9997
2 35946  98.4501 264.8347 0001427 170.2396 189.8819 14.37517330721505
SMOS                    
1 36036U 09059A   23190.12525140  .00000341  00000+0  12263-3 0  9990
2 36036  98.4432  17.0552 0001317  95.5530 264.5808 14.39763095719040
YAOGAN 7                
1 36110U 09069A   23190.54656364  .00000436  00000+0  71648-4 0  9991
2 36110  98.1549  59.4452 0024477 248.5308 111.3290 14.75558361731207
TANDEM-X                
1 36605U 10030A   23189.61674449  .00001180  00000+0  59381-4 0  9997
2 36605  97.4462 196.6987 0001908  93.2648 266.8805 15.19146891723495
CARTOSAT-2B             
1 36795U 10035A   23190.45789157  .00000960  00000+0  13777-3 0  9992
2 36795  97.9093 250.4408 0014346  74.0986 286.1805 14.78679520701258
YAOGAN 10               
1 36834U 10038A   23190.56238380  .00000669  00000+0  91197-4 0  9997
2 36834  97.9645 204.5139 0001472  81.9315  78.4038 14.81947221698092
COSMO-SKYMED 4          
1 37216U 10060A   23190.48633318  .00000585  00000+0  80011-4 0  9998
2 37216  97.8889  13.6390 0001592  89.8135 270.3261 14.82145202685585
RESOURCESAT-2           
1 37387U 11015A   23190.50116890  .00000150  00000+0  87917-4 0  9992
2 37387  98.6211 260.0073 0004998  43.4064 316.7507 14.21672863634154
HAIYANG-2A              
1 37781U 11043A   23190.51704538  .00000000  00000+0  42827-4 0  9999
2 37781  99.3197 194.7269 0000299  88.8153 271.3032 13.78760688598977
RASAT                   
1 37791U 11044D   23190.52308306  .00000531  00000+0  10646-3 0  9997
2 37791  98.0887 282.4272 0021323 353.0714 128.3389 14.65587993635791
SRMSAT                  
1 37841U 11058D   23190.09056793  .00000460  00000+0  10730-3 0  9995
2 37841  19.9727  77.5906 0011778 272.2526 237.5583 14.10911604606129
YAOGAN 13               
1 37941U 11072A   23190.51981901  .00008547  00000+0  30964-3 0  9992
2 37941  97.6801 153.9363 0003447 106.3882 253.7736 15.28637014643758
PLEIADES 1A             
1 38012U 11076F   23190.52309258  .00000372  00000+0  89848-4 0  9990
2 38012  98.1990 265.0596 0001116  99.7963  25.0123 14.58535307615496
ZIYUAN 1-02C (ZY 1-02C) 
1 38038U 11079A   23190.47864678  .00000222  00000+0  91196-4 0  9990
2 38038  98.5421 257.5523 0005455 270.0123 146.8878 14.36262127605025
ZIYUAN 3-1 (ZY 3-1)     
1 38046U 12001A   23190.47805731  .00007263  00000+0  29925-3 0  9992
2 38046  97.2940 256.0960 0002890 317.5629  42.5385 15.24380171638471
ARIRANG-3 (KOMPSAT-3)   
1 38338U 12025B   23190.45589071  .00000584  00000+0  12587-3 0  9991
2 38338  98.2207 132.4849 0009259 230.1726 129.8661 14.62016668594508
KANOPUS-V 1             
1 38707U 12039A   23189.36173842  .00013153  00000+0  44964-3 0  9999
2 38707  97.4778 115.9666 0002129 101.6942 258.4538 15.30402387608215
EXACTVIEW-1 (ADS-1B)    
1 38709U 12039C   23190.45695769  .00000132  00000+0  77245-4 0  9992
2 38709  98.9707 270.6415 0011429  30.5489 329.6352 14.24252297569828
SPOT 6                  
1 38755U 12047A   23190.44685100  .00000410  00000+0  98102-4 0  9993
2 38755  98.1884 257.4701 0001105  89.3863 270.7462 14.58543158576569
PLEIADES 1B             
1 39019U 12068A   23190.46490342  .00000377  00000+0  90867-4 0  9996
2 39019  98.1941 264.9619 0001324  98.3830 261.7519 14.58539785564331
GOKTURK 2               
1 39030U 12073A   23190.49943002  .00000475  00000+0  80907-4 0  9997
2 39030  97.8011  60.6333 0001224 112.7101 247.4237 14.73238587566325
LANDSAT 8               
1 39084U 13008A   23190.44567503  .00000421  00000+0  10344-3 0  9996
2 39084  98.2256 260.1091 0001339  97.6752 262.4598 14.57105650553350
SARAL                   
1 39086U 13009A   23190.17551910  .00000110  00000+0  56848-4 0  9999
2 39086  98.5480  15.1440 0001461 181.1242 178.9939 14.32231546541836
GAOFEN 1                
1 39150U 13018A   23190.47021429  .00000755  00000+0  11567-3 0  9994
2 39150  98.0294 260.6824 0022378 118.1169 242.2306 14.76415415549846
VNREDSAT 1              
1 39160U 13021B   23190.48240755  .00000632  00000+0  13211-3 0  9997
2 39160  98.0394 261.8848 0001719 101.2125 258.9270 14.63060606543198
ARIRANG-5 (KOMPSAT-5)   
1 39227U 13042A   23190.52121883  .00002021  00000+0  14856-3 0  9999
2 39227  97.6202  16.2298 0001960 132.0457 228.0936 15.04534185542486
SKYSAT-A                
1 39418U 13066C   23190.14444636  .00002894  00000+0  22268-3 0  9993
2 39418  97.5309 255.5152 0028049  34.0039 326.2976 15.02150374526654
DUBAISAT-2              
1 39419U 13066D   23190.48998439  .00001972  00000+0  17523-3 0  9990
2 39419  97.4130 207.6267 0014470  59.5959 300.6692 14.97116142525059
GPM-CORE                
1 39574U 14009C   23190.13105191  .00022678  00000+0  32348-3 0  9995
2 39574  64.9940 311.7611 0010246 254.9647 105.0366 15.56235812531785
SENTINEL-1A             
1 39634U 14016A   23190.53915823  .00000203  00000+0  52762-4 0  9998
2 39634  98.1828 197.5664 0001392  89.0445 271.0915 14.59197568493473
KAZEOSAT 1              
1 39731U 14024A   23190.46709080  .00000208  00000+0  76780-4 0  9994
2 39731  98.4290 266.9055 0001275  99.3574 260.7759 14.42022272483863
ALOS-2                  
1 39766U 14029A   23190.53530763  .00001726  00000+0  23801-3 0  9996
2 39766  97.9228 287.1084 0001532  96.0825 264.0561 14.79466538492867
KAZEOSAT 2              
1 40010U 14033A   23190.50059446  .00000543  00000+0  74668-4 0  9990
2 40010  97.6704  65.8960 0011300 250.0973 109.9024 14.82057801489760
HODOYOSHI-4             
1 40011U 14033B   23190.50003328  .00001021  00000+0  13206-3 0  9991
2 40011  97.6243  51.7040 0024558 248.6536 111.2057 14.82759538489419
DEIMOS-2                
1 40013U 14033D   23190.49982154  .00001510  00000+0  17548-3 0  9990
2 40013  97.7216  82.2061 0000776  55.8710 304.2580 14.86784966490663
HODOYOSHI-3             
1 40015U 14033F   23190.11906125  .00000895  00000+0  12453-3 0  9990
2 40015  97.6073  29.1025 0034657 281.3534  78.3786 14.79756235488495
SPOT 7                  
1 40053U 14034A   23190.47417642  .00000487  00000+0  11430-3 0  9994
2 40053  98.2031 257.3674 0001235  81.1531 278.9808 14.58710496480493
SKYSAT-B                
1 40072U 14037D   23190.41453441  .00001050  00000+0  13742-3 0  9994
2 40072  98.3581  82.0781 0006907 141.8922 218.2779 14.82668253486643
WORLDVIEW-3 (WV-3)      
1 40115U 14048A   23190.18685067  .00001130  00000+0  13767-3 0  9995
2 40115  97.8239 263.8931 0002619 329.6647  30.4416 14.85329433482541
GAOFEN 2                
1 40118U 14049A   23190.51944230  .00001062  00000+0  14470-3 0  9992
2 40118  97.7128 250.3515 0007464 119.7664 240.4292 14.80663086480373
YAOGAN 21               
1 40143U 14053A   23190.49374714  .00006030  00000+0  25501-3 0  9993
2 40143  97.3020 253.7828 0011115 311.9184  48.1104 15.23521594491487
YAOGAN 22               
1 40275U 14063A   23189.78411669 -.00000008  00000+0  99909-4 0  9995
2 40275 100.6165 315.2300 0006972  93.3536 266.8373 13.15460646418549
ASNARO                  
1 40298U 14070A   23190.48508709  .00008530  00000+0  39937-3 0  9990
2 40298  97.4395 272.6526 0004026  63.3630 296.8017 15.19965931480975
HODOYOSHI-1             
1 40299U 14070B   23190.48234541  .00008856  00000+0  26954-3 0  9997
2 40299  97.1924 252.5725 0010449 188.8675 171.2385 15.34180777482225
QSAT-EOS                
1 40301U 14070D   23190.44227791  .00042405  00000+0  46250-3 0  9995
2 40301  97.1524 259.6949 0011937 135.0371 225.1856 15.63184223483316
YAOGAN 23               
1 40305U 14071A   23190.49347978  .00009779  00000+0  33167-3 0  9995
2 40305  97.6538 154.4711 0001920 106.5705 253.5746 15.30748043479547
YAOGAN 24               
1 40310U 14072A   23190.54117869  .00000884  00000+0  13484-3 0  9990
2 40310  98.0176 311.9647 0015777 113.6169 246.6699 14.76238774465349
CBERS 4                 
1 40336U 14079A   23190.48151362  .00000126  00000+0  58772-4 0  9993
2 40336  98.4431 261.9731 0001441  83.1195 277.0154 14.35461793449931
RESURS P2               
1 40360U 14087A   23190.48910544  .00009552  00000+0  20944-3 0  9995
2 40360  97.1806 273.7141 0009297 124.2453 235.9677 15.44239199477801
YAOGAN 26               
1 40362U 14088A   23190.49753411  .00007485  00000+0  31510-3 0  9991
2 40362  97.0929 225.6766 0007097 202.7987 157.2937 15.23613896474952
SMAP                    
1 40376U 15003A   23190.16451652  .00000590  00000+0  12332-3 0  9991
2 40376  98.1268 196.4210 0001810  90.3298 269.8112 14.63360890450547
KOMPSAT-3A              
1 40536U 15014A   23190.48636754  .00004443  00000+0  23961-3 0  9995
2 40536  97.5723 134.3456 0005218  59.8146 300.3602 15.15281973457550
SENTINEL-2A             
1 40697U 15028A   23190.46631661  .00000124  00000+0  63974-4 0  9999
2 40697  98.5694 264.6728 0001343  91.1921 268.9415 14.30817710420191
GAOFEN 8                
1 40701U 15030A   23190.49487632  .00009124  00000+0  38793-3 0  9997
2 40701  97.6128 334.2507 0005823  84.5909 275.5991 15.23250063447318
CARBONITE 1 (CBNT-1)    
1 40718U 15032D   23190.44282483  .00001424  00000+0  21006-3 0  9993
2 40718  97.6903  42.1307 0015612 196.5460 163.5243 14.76676544430505
YAOGAN 27               
1 40878U 15040A   23190.50961256 -.00000051  00000+0 -22260-4 0  9999
2 40878 100.0933 210.2689 0008559 167.0207 193.1128 13.15995173377942
GAOFEN 9-01             
1 40894U 15047A   23190.51802562  .00000692  00000+0  10281-3 0  9997
2 40894  97.7740 252.5824 0030784  48.2731 312.1105 14.77714670421303
LAPAN-A2                
1 40931U 15052B   23189.76298658  .00001205  00000+0  77165-4 0  9991
2 40931   6.0000 292.5036 0013548 241.8741 118.0017 14.77265760420548
YAOGAN 28               
1 41026U 15064A   23190.50086077  .00007212  00000+0  30621-3 0  9993
2 41026  97.6064 342.0881 0004728 246.0780 113.9962 15.23384401427163
YAOGAN 29               
1 41038U 15069A   23190.53101929  .00000491  00000+0  69707-4 0  9998
2 41038  98.0618 197.8549 0000635  56.3083 303.8190 14.81378050411582
KENT RIDGE 1            
1 41167U 15077B   23190.46471621  .00003208  00000+0  14239-3 0  9999
2 41167  14.9805 264.5237 0010513 334.3638  25.6161 15.12141023417864
TELEOS 1                
1 41169U 15077D   23190.40152474  .00007751  00000+0  32212-3 0  9995
2 41169  14.9794 214.4597 0008230  65.9982 294.1200 15.19294272418318
GAOFEN 4                
1 41194U 15083A   23190.20793046 -.00000339  00000+0  00000+0 0  9996
2 41194   0.0214 111.4459 0003080  81.5399 274.4485  1.00273154 27724
JASON-3                 
1 41240U 16002A   23189.79592886 -.00000064  00000+0 -10901-4 0  9993
2 41240  66.0388 206.6353 0008224 269.6527  90.3546 12.80930483349531
SENTINEL-3A             
1 41335U 16011A   23190.45792431  .00000132  00000+0  72494-4 0  9990
2 41335  98.6206 257.1794 0001158  89.4922 270.6391 14.26736117384958
ZIYUAN 3-2 (ZY 3-2)     
1 41556U 16033A   23190.47654599  .00006217  00000+0  28195-3 0  9991
2 41556  97.4930 263.3777 0000502 336.0623  24.0589 15.21184565394743
NUSAT-1 (FRESCO)        
1 41557U 16033B   23190.51965974  .00063022  00000+0  69943-3 0  9992
2 41557  97.3885 299.3529 0004512  63.0077 297.1641 15.62728826397116
NUSAT-2 (BATATA)        
1 41558U 16033C   23190.50749948  .00073718  00000+0  68351-3 0  9998
2 41558  97.4173 307.6813 0003332  45.2447 314.9084 15.67245562397462
CARTOSAT-2C             
1 41599U 16040A   23190.47913557  .00004269  00000+0  20518-3 0  9994
2 41599  97.4347 250.3919 0012029 267.5069  92.4789 15.19297619390698
SKYSAT-C1               
1 41601U 16040C   23189.83854207  .00012342  00000+0  33491-3 0  9997
2 41601  97.1106 259.8423 0002689 110.0732 250.0803 15.37738182393413
LAPAN-A3                
1 41603U 16040E   23190.53615193  .00002116  00000+0  93870-4 0  9993
2 41603  97.1648 215.0678 0011174 232.1849 127.8377 15.22578377390894
BIROS                   
1 41604U 16040F   23189.81645501  .00006809  00000+0  23915-3 0  9994
2 41604  97.1615 224.6807 0010097 191.7559 168.3448 15.29657679391407
GAOFEN 3                
1 41727U 16049A   23190.52788309  .00000045  00000+0  26775-4 0  9997
2 41727  98.4058 198.2288 0000997 115.9058 244.2234 14.42224595363886
SKYSAT-C4               
1 41771U 16058B   23190.11249200  .00012754  00000+0  34444-3 0  9994
2 41771  97.0644 248.0425 0002587 131.8845 228.2622 15.37877591380423
SKYSAT-C5               
1 41772U 16058C   23190.45396589  .00008719  00000+0  27607-3 0  9994
2 41772  97.2122 248.6570 0000842 142.0433 218.0869 15.32975113378918
SKYSAT-C2               
1 41773U 16058D   23189.72489318  .00012002  00000+0  32855-3 0  9997
2 41773  97.0661 247.9275 0003826  67.0551 293.1098 15.37467789380372
SKYSAT-C3               
1 41774U 16058E   23190.12715279  .00015321  00000+0  34982-3 0  9992
2 41774  97.0659 251.1355 0002248 107.9484 252.2010 15.42951020380622
ALSAT 1B                
1 41785U 16059C   23190.47599947  .00000406  00000+0  74712-4 0  9999
2 41785  97.8590 226.9179 0011041  73.9709 286.2713 14.70452263362681
PATHFINDER 1            
1 41787U 16059E   23190.53346985  .00000685  00000+0  13659-3 0  9991
2 41787  97.8651 223.2753 0030478  23.9060 336.3551 14.64646321362386
SCATSAT 1               
1 41790U 16059H   23190.12016914  .00000282  00000+0  81898-4 0  9990
2 41790  98.2685 233.7083 0006088  93.6650 266.5241 14.51232547359140
GOKTURK 1A              
1 41875U 16073A   23190.44158216  .00000470  00000+0  10145-3 0  9992
2 41875  98.1348  84.6512 0001318  82.9533 277.1819 14.62761159351858
RESOURCESAT-2A          
1 41877U 16074A   23190.48052468  .00000151  00000+0  88785-4 0  9993
2 41877  98.6818 265.2243 0000318  56.4468 303.6740 14.21649087341753
CARTOSAT-2D             
1 41948U 17008A   23190.44381422  .00005620  00000+0  27038-3 0  9990
2 41948  97.4752 249.3587 0006062  61.1911 298.9932 15.19172728354550
SENTINEL-2B             
1 42063U 17013A   23190.50127729  .00000127  00000+0  65119-4 0  9990
2 42063  98.5688 264.7102 0001189  92.4950 267.6369 14.30819347331119
ZHUHAI-1 02 (CAS-4B)    
1 42759U 17034B   23190.50047836  .00006543  00000+0  32855-3 0  9993
2 42759  43.0161 351.6105 0012020 249.1212 110.8349 15.17796220335020
NUSAT-3 (MILANESAT)     
1 42760U 17034C   23190.52802537  .00006751  00000+0  32590-3 0  9991
2 42760  43.0125 342.9937 0014596 269.6198  90.2978 15.19107511335141
ZHUHAI-1 01 (CAS-4A)    
1 42761U 17034D   23190.51652570  .00007127  00000+0  35666-3 0  9996
2 42761  43.0157 350.0483 0012870 250.1859 109.7602 15.17798851335034
CARTOSAT-2E             
1 42767U 17036C   23190.46081181  .00005606  00000+0  26840-3 0  9996
2 42767  97.4022 249.6289 0008276 112.6958 247.5152 15.19323640335121
FORMOSAT-5              
1 42920U 17049A   23190.46826906  .00000220  00000+0  66938-4 0  9993
2 42920  98.3223 267.6041 0011152 137.1606 223.0460 14.50840877310988
SENTINEL-5P             
1 42969U 17064A   23190.08180523  .00000090  00000+0  63243-4 0  9990
2 42969  98.7038 129.6569 0000982  83.9812 276.1476 14.19571272297173
SKYSAT-C11              
1 42987U 17068A   23190.15385521  .00012545  00000+0  34195-3 0  9998
2 42987  97.3251 312.7649 0004739 194.1020 166.0094 15.37596176317851
SKYSAT-C10              
1 42988U 17068B   23189.31867651  .00015042  00000+0  40661-3 0  9994
2 42988  97.3315 312.4993 0002524 169.5197 190.6101 15.37819790317754
SKYSAT-C9               
1 42989U 17068C   23189.32873943  .00014685  00000+0  39971-3 0  9991
2 42989  97.3247 311.4061 0009031  27.7754 332.3971 15.37574138317954
SKYSAT-C8               
1 42990U 17068D   23189.82056920  .00013921  00000+0  37942-3 0  9994
2 42990  97.3335 313.3375 0004522 130.9071 229.2566 15.37574048317844
SKYSAT-C7               
1 42991U 17068E   23190.33127111  .00012530  00000+0  34106-3 0  9998
2 42991  97.3330 314.0516 0003939 166.9717 193.1631 15.37642351317937
SKYSAT-C6               
1 42992U 17068F   23189.34506267  .00015471  00000+0  42015-3 0  9996
2 42992  97.3364 313.5718 0004377 186.0194 174.0999 15.37663682317791
CARTOSAT-2F             
1 43111U 18004A   23190.49272748  .00004680  00000+0  22555-3 0  9990
2 43111  97.4807 249.3776 0003868 127.3181 232.8407 15.19205143304311
NUSAT-4 (ADA)           
1 43195U 18015D   23190.45734016  .00037529  00000+0  63257-3 0  9993
2 43195  97.5779 347.9666 0009441 108.7295 251.4982 15.51544245302720
NUSAT-5 (MARYAM)        
1 43204U 18015K   23190.47563125  .00037229  00000+0  59677-3 0  9995
2 43204  97.5774 349.0141 0009194 109.6473 250.5772 15.52953423302382
GAOFEN 1-02             
1 43259U 18031A   23190.46637862  .00000910  00000+0  13760-3 0  9992
2 43259  97.8625 262.8217 0003651 168.0759 192.0538 14.76547126284253
GAOFEN 1-03             
1 43260U 18031B   23190.51248425  .00000892  00000+0  13504-3 0  9998
2 43260  97.8619 262.8105 0003508 270.1934  89.8874 14.76549908284251
GAOFEN 1-04             
1 43262U 18031D   23190.48790164  .00000925  00000+0  13973-3 0  9995
2 43262  97.8627 262.8578 0002345 194.8092 165.3050 14.76546485284243
SENTINEL-3B             
1 43437U 18039A   23189.79970561  .00000148  00000+0  79116-4 0  9999
2 43437  98.6269 256.6060 0001307 109.6895 250.4426 14.26733984270927
GAOFEN 5-01             
1 43461U 18043A   23190.43310036  .00000497  00000+0  11713-3 0  9994
2 43461  98.3109 134.8014 0002399 137.5985 222.5400 14.58480463275059
GAOFEN 6                
1 43484U 18048A   23190.52391399  .00000800  00000+0  12183-3 0  9995
2 43484  97.8984 268.1327 0010799  41.8700 318.3334 14.76553401274953
GAOFEN 11-1             
1 43585U 18063A   23190.49658769  .00006498  00000+0  27232-3 0  9997
2 43585  97.2776 261.1617 0008670 242.7649 117.2706 15.23817811275324
AEOLUS                  
1 43600U 18066A   23190.53494796  .00161555  11576-4  45795-3 0  9996
2 43600  96.7103 195.6353 0005051 110.1656 250.0164 15.93386704282516
ICESAT-2                
1 43613U 18070A   23190.49821865  .00003193  00000+0  11584-3 0  9998
2 43613  91.9905   2.3129 0001034 278.3481  81.7651 15.28285881268484
HYSIS                   
1 43719U 18096A   23190.50339069  .00001288  00000+0  18282-3 0  9990
2 43719  97.9116 256.1598 0002468  40.4718 319.6676 14.78644884248757
KAZSTSAT                
1 43783U 18099AB  23189.71518940  .00001673  00000+0  15778-3 0  9997
2 43783  97.5791 248.0476 0009109  64.2102 296.0058 14.95049381250494
SAUDISAT 5A             
1 43831U 18102A   23190.51939079  .00002893  00000+0  17217-3 0  9991
2 43831  97.4535 259.5097 0011720 289.5731  70.4234 15.11969705252606
SAUDISAT 5B             
1 43833U 18102C   23190.48875285  .00003538  00000+0  20669-3 0  9999
2 43833  97.4569 260.8227 0012630 295.2869  64.7053 15.12476860252669
GAOFEN 10R              
1 44622U 19066A   23190.52647313  .00001404  00000+0  18567-3 0  9994
2 44622  97.9289 129.7607 0003135 126.8986 233.2514 14.81529091203306
CARTOSAT-3              
1 44804U 19081A   23190.49696508  .00003914  00000+0  18816-3 0  9994
2 44804  97.3445 247.8477 0009991 302.3337  57.6930 15.19342483200408
GAOFEN 12-1             
1 44819U 19082A   23190.48792327  .00000464  00000+0  66942-4 0  9997
2 44819  97.8391 207.5249 0001604  83.9899 276.1496 14.80696831195209
CSG-1                   
1 44873U 19092A   23190.49898596  .00000549  00000+0  75533-4 0  9994
2 44873  97.8888  13.6515 0001404  94.5674 265.5700 14.82146364192434
NUSAT-7 (SOPHIE)        
1 45017U 20003B   23190.46183191  .00040389  00000+0  57531-3 0  9997
2 45017  97.1568 251.8986 0006782  45.8286 314.3526 15.56203665194883
NUSAT-8 (MARIE)         
1 45018U 20003C   23190.49176420  .00083047  00000+0  71551-3 0  9994
2 45018  97.1690 257.4081 0002874  41.9472 318.2010 15.69024769195130
NUSAT-6 (HYPATIA)       
1 46272U 20061A   23190.45882489  .00013891  00000+0  40332-3 0  9999
2 46272  97.2800 259.3872 0006897 132.5418 227.6410 15.35584804158367
NEMO-HD                 
1 46277U 20061F   23190.46997708  .00004736  00000+0  21635-3 0  9999
2 46277  97.3451 256.5441 0000500 150.3263 209.8001 15.21043561157617
NUSAT-12 (DOROTHY)      
1 46827U 20079A   23190.49894615  .00085643  00000+0  73136-3 0  9994
2 46827  97.1417 262.3293 0002393 281.2465  78.8528 15.69234463149971
NUSAT-9 (ALICE)         
1 46828U 20079B   23190.45767045  .00069660  00000+0  59480-3 0  9994
2 46828  97.1292 261.8247 0000731  40.5667 319.5650 15.69294030150047
NUSAT-11 (CORA)         
1 46829U 20079C   23190.52295564  .00052373  00000+0  44608-3 0  9994
2 46829  97.1366 262.4967 0001162 349.8895  10.2344 15.69418200150045
NUSAT-15 (KATHERINE)    
1 46830U 20079D   23190.46525919  .00096455  00000+0  73743-3 0  9990
2 46830  97.1506 264.3457 0002183 228.7792 131.3284 15.71869695150042
NUSAT-14 (HEDY)         
1 46831U 20079E   23190.29319421  .00119532  00000+0  78196-3 0  9990
2 46831  97.1441 264.5454 0003402 256.1710 103.9177 15.75453880150078
NUSAT-10 (CAROLINE)     
1 46832U 20079F   23190.47591764  .00064680  00000+0  64833-3 0  9999
2 46832  97.1503 262.9172 0001494 301.9870  58.1245 15.65331152149972
NUSAT-13 (EMMY)         
1 46833U 20079G   23190.46854308  .00062724  00000+0  63222-3 0  9993
2 46833  97.1489 262.7212 0001784 335.4673  24.6502 15.65198091149960
NUSAT-17 (MARY)         
1 46835U 20079J   23190.48389206  .00070290  00000+0  68058-3 0  9996
2 46835  97.1491 262.5365 0001567 339.4950  20.6248 15.66181634149951
NUSAT-18 (VERA)         
1 46836U 20079K   23190.47614572  .00086567  00000+0  74707-3 0  9995
2 46836  97.1487 263.5434 0001468 346.9950  13.1274 15.68975884150013
NUSAT-16 (LISE)         
1 46840U 20079P   23190.51352945  .00090979  00000+0  71836-3 0  9990
2 46840  97.1543 264.2005 0000930 239.1086 121.0086 15.71116965150032
SENTINEL-6              
1 46984U 20086A   23190.46329872 -.00000048  00000+0  56223-4 0  9997
2 46984  66.0384 205.1880 0008104 269.2982  90.7105 12.80930299122937
GAOFEN 12-2             
1 48079U 21026A   23190.52721784  .00000501  00000+0  72022-4 0  9992
2 48079  97.9230 180.6548 0001379 100.3424 259.7944 14.80610685122897
PLEIADES NEO 3          
1 48268U 21034A   23190.48691096  .00001323  00000+0  17463-3 0  9998
2 48268  97.8934 264.6624 0001303  94.4101 265.7260 14.81680411118660
NUSAT-19 (ROSALIND)     
1 48905U 21059AC  23190.54054478  .00012339  00000+0  43777-3 0  9993
2 48905  97.5553 326.4782 0009145 154.0484 206.1216 15.29173644112991
NUSAT-22 (SOFYA)        
1 48919U 21059AS  23190.50018658  .00038745  00000+0  60805-3 0  9994
2 48919  97.3953 330.3267 0008861  85.6661 274.5604 15.53535841114103
NUSAT-21 (ELISA)        
1 48920U 21059AT  23190.49089249  .00061022  00000+0  67608-3 0  9990
2 48920  97.3884 332.1065 0006908  94.9643 265.2404 15.62763871114276
NUSAT-20 (GRACE)        
1 48921U 21059AU  23190.49526711  .00050130  00000+0  64985-3 0  9994
2 48921  97.4036 332.0570 0009459 110.0459 250.1816 15.58667872114196
PLEIADES NEO 4          
1 49070U 21073E   23190.45313865  .00001322  00000+0  17464-3 0  9995
2 49070  97.8935 264.6254 0001321  93.3895 266.7468 14.81673231102374
LANDSAT 9               
1 49260U 21088A   23190.20525043  .00000443  00000+0  10847-3 0  9999
2 49260  98.2290 259.8311 0001168  97.7261 262.4070 14.57103032 94594
CSG-2                   
1 51444U 22008A   23190.53275715  .00000406  00000+0  57613-4 0  9995
2 51444  97.8889  13.6841 0001514  90.9567 269.1819 14.82147677 77556
INS-2TD                 
1 51658U 22013C   23189.99279208  .00014413  00000+0  61037-3 0  9994
2 51658  97.5459 202.3130 0007003 293.9786  66.0717 15.23254654 77302
GAOFEN 12-3             
1 52912U 22069A   23190.50302710  .00001378  00000+0  18769-3 0  9993
2 52912  97.9498  80.3898 0001777  98.8757 261.2656 14.80316740 55753
SWOT                    
1 54754U 22173A   23190.19478133  .00000218  00000+0  12535-3 0  9990
2 54754  77.6099  45.1541 0000501 179.7382 180.3776 14.09853031 28846
