SARSAT 7 (NOAA 15)      
1 25338U 98030A   23190.53445618  .00000212  00000+0  10624-3 0  9992
2 25338  98.6043 219.2078 0009234 245.5977 114.4240 14.26348583308448
GPS BIIR-08             
1 27663U 03005A   23188.18854622  .00000001  00000+0  00000+0 0  9999
2 27663  55.2741 257.7656 0131229  44.5918 328.3431  2.00569342149725
GPS BIIR-11             
1 28190U 04009A   23189.45800543 -.00000078  00000+0  00000+0 0  9999
2 28190  55.7371 318.7678 0093108 135.5460 230.5596  2.00568745141424
GPS BIIR-13             
1 28474U 04045A   23188.87892058 -.00000085  00000+0  00000+0 0  9999
2 28474  55.4389   8.0295 0161237 281.1717  80.0153  2.00577795136854
SARSAT 10 (NOAA 18)     
1 28654U 05018A   23190.44308676  .00000181  00000+0  12093-3 0  9999
2 28654  98.9093 264.7255 0013399 320.2511  39.7678 14.12966137934719
GPS BIIR-14M            
1 28874U 05038A   23189.42668896 -.00000077  00000+0  00000+0 0  9990
2 28874  55.7932 316.2200 0138135 279.0189  84.0597  2.00579228130274
METEOSAT-9 (MSG-2)      
1 28912U 05049B   23189.80170858  .00000119  00000+0  00000+0 0  9999
2 28912   6.8950  63.6168 0001925 162.1914  34.9725  1.00273359 64306
GOES 13                 
1 29155U 06018A   23189.80485900  .00000031  00000+0  00000+0 0  9996
2 29155   1.5820  91.5672 0003594  87.2865  98.9122  1.00276128 62733
GPS BIIR-16M            
1 29601U 06052A   23189.47792137 -.00000008  00000+0  00000+0 0  9991
2 29601  55.2925 256.6702 0084721  79.0097 282.0133  2.00574519121893
GPS BIIR-17M            
1 32260U 07047A   23190.28509754  .00000009  00000+0  00000+0 0  9993
2 32260  53.4437 124.5070 0148878  69.1968 292.3754  2.00554355115294
GPS BIIR-18M            
1 32384U 07062A   23188.60951867 -.00000070  00000+0  00000+0 0  9995
2 32384  55.9208 317.0642 0024777 145.2663 214.7143  2.00555561114005
SARSAT 12 (NOAA 19)     
1 33591U 09005A   23190.49039451  .00000193  00000+0  12848-3 0  9993
2 33591  99.0981 236.7723 0014015 175.9448 184.1839 14.12783117743090
GOES 14                 
1 35491U 09033A   23190.54545427 -.00000069  00000+0  00000+0 0  9992
2 35491   0.3891 103.5609 0005520 338.9929 292.3974  1.00271615 51391
GOES 15                 
1 36411U 10008A   23190.56118661  .00000020  00000+0  00000+0 0  9993
2 36411   0.4122  95.5664 0001250  63.8212 152.8229  0.99985278 48885
GPS BIIF-2              
1 37753U 11036A   23189.38952113 -.00000084  00000+0  00000+0 0  9992
2 37753  56.7331  13.7112 0127337  55.6518 296.3833  2.00567953 87714
GSAT0101 (GALILEO-PFM)  
1 37846U 11060A   23189.81153367 -.00000087  00000+0  00000+0 0  9997
2 37846  57.1003  10.8536 0003520  57.9518 302.1028  1.70475890 72932
GSAT0102 (GALILEO-FM2)  
1 37847U 11060B   23188.57821104 -.00000083  00000+0  00000+0 0  9997
2 37847  57.1017  10.8870 0002795  21.3147 348.2229  1.70475243 72919
LUCH 5A                 
1 37951U 11074B   23190.11136227 -.00000055  00000+0  00000+0 0  9995
2 37951   6.0001  90.6877 0005447  21.5777  21.6603  1.00268454 42420
METEOSAT-10 (MSG-3)     
1 38552U 12035B   23190.07922087 -.00000016  00000+0  00000+0 0  9990
2 38552   2.2182  56.2491 0000497  21.8999 236.6238  1.00270903 40449
SARSAT 13 (METOP-B)     
1 38771U 12049A   23190.48051257  .00000127  00000+0  78029-4 0  9998
2 38771  98.6773 249.4815 0001022  84.3828 337.2631 14.21508001560715
GPS BIIF-3              
1 38833U 12053A   23188.38624012  .00000071  00000+0  00000+0 0  9990
2 38833  53.5152 187.6010 0138482  50.9768 310.2514  2.00566197 78751
GSAT0103 (GALILEO-FM3)  
1 38857U 12055A   23189.85042173  .00000013  00000+0  00000+0 0  9999
2 38857  55.2644 131.0743 0004772 274.4416  85.4738  1.70473573 66831
GSAT0104 (GALILEO-FM4)  
1 38858U 12055B   23188.06020898  .00000017  00000+0  00000+0 0  9996
2 38858  55.2638 131.1249 0002098 278.7696  81.1712  1.70473758 66776
GPS BIIF-4              
1 39166U 13023A   23189.24425767 -.00000074  00000+0  00000+0 0  9994
2 39166  55.4057 312.4457 0114106  41.7488 319.1251  2.00564342 74317
INSAT-3D                
1 39216U 13038B   23189.30721589 -.00000161  00000+0  00000+0 0  9991
2 39216   0.0963 271.4905 0000856 215.3693 351.8394  1.00272171 36527
GPS BIIF-5              
1 39533U 14008A   23189.24017632  .00000075  00000+0  00000+0 0  9994
2 39533  53.6027 193.1161 0067077 214.6858 144.8885  2.00574911 68675
LUCH 5V                 
1 39727U 14023A   23189.85312116 -.00000275  00000+0  00000+0 0  9991
2 39727   2.4342  77.4895 0002418  73.6149 177.2702  1.00273818551737
GPS BIIF-6              
1 39741U 14026A   23189.02403429 -.00000083  00000+0  00000+0 0  9994
2 39741  56.6869  13.2480 0028574 313.5809  46.2083  2.00561298 66962
GPS BIIF-7              
1 40105U 14045A   23190.11033982  .00000026  00000+0  00000+0 0  9992
2 40105  54.7968 131.3595 0022599 113.1393 247.0794  2.00573747 65421
GSAT0201 (GALILEO 5)    
1 40128U 14050A   23186.43654050 -.00000080  00000+0  00000+0 0  9999
2 40128  49.9910 317.0024 1611329 138.0486 235.5158  1.85518933 60265
GSAT0202 (GALILEO 6)    
1 40129U 14050B   23189.93009334 -.00000107  00000+0  00000+0 0  9997
2 40129  50.0076 315.9333 1608914 138.9962 234.3093  1.85519669 60527
GPS BIIF-8              
1 40294U 14068A   23189.98703081 -.00000064  00000+0  00000+0 0  9996
2 40294  56.1269  72.7108 0048064  59.3389 301.1870  2.00567891 63641
GLONASS-K 2             
1 40315U 14075A   23190.16614423  .00000053  00000+0  00000+0 0  9998
2 40315  63.6423 227.6548 0020131 211.1113 148.8363  2.13101424 66968
GPS BIIF-9              
1 40534U 15013A   23188.62420386  .00000008  00000+0  00000+0 0  9995
2 40534  53.4885 248.7260 0078473  25.0127 335.4432  2.00558150 60675
GSAT0203 (GALILEO 7)    
1 40544U 15017A   23188.41791835 -.00000083  00000+0  00000+0 0  9991
2 40544  56.8957  10.8724 0001124 228.5165 131.4951  1.70475822 51521
GSAT0204 (GALILEO 8)    
1 40545U 15017B   23187.49822512 -.00000080  00000+0  00000+0 0  9993
2 40545  56.9013  10.9113 0001611 188.6790 171.3413  1.70475521 51511
GPS BIIF-10             
1 40730U 15033A   23189.78251320 -.00000078  00000+0  00000+0 0  9991
2 40730  54.8946 311.0663 0084251  14.1211 346.1233  2.00558195 58462
METEOSAT-11 (MSG-4)     
1 40732U 15034A   23190.29622612  .00000059  00000+0  00000+0 0  9996
2 40732   0.6293  45.5293 0000540  48.7205 308.6868  1.00277167 29248
GSAT0205 (GALILEO 9)    
1 40889U 15045A   23190.19911263  .00000010  00000+0  00000+0 0  9990
2 40889  55.3907 251.2770 0003031   9.6505 350.4321  1.70473823 48708
GSAT0206 (GALILEO 10)   
1 40890U 15045B   23190.41980851  .00000010  00000+0  00000+0 0  9996
2 40890  55.3899 251.2666 0001793 327.5459  32.5192  1.70473565 48737
GPS BIIF-11             
1 41019U 15062A   23187.84229871 -.00000044  00000+0  00000+0 0  9998
2 41019  56.1093  72.6442 0087142 221.4661 137.9266  2.00562215 56244
ELEKTRO-L 2             
1 41105U 15074A   23189.57470837 -.00000123  00000+0  00000+0 0  9997
2 41105   3.9630  83.6071 0001521  95.2077 299.8226  1.00271725 27741
GSAT0209 (GALILEO 12)   
1 41174U 15079A   23188.24501235  .00000017  00000+0  00000+0 0  9999
2 41174  55.2816 130.8248 0004746 313.3318  46.5943  1.70473955 47019
GSAT0208 (GALILEO 11)   
1 41175U 15079B   23190.22435497  .00000011  00000+0  00000+0 0  9991
2 41175  55.2803 130.7684 0004112 311.5573  48.3778  1.70473917 47046
GPS BIIF-12             
1 41328U 16007A   23186.93544238  .00000027  00000+0  00000+0 0  9997
2 41328  55.0024 132.2502 0071455 235.0052 124.2935  2.00552816 54273
GSAT0211 (GALILEO 14)   
1 41549U 16030A   23188.58574205  .00000016  00000+0  00000+0 0  9996
2 41549  55.5378 251.2912 0003007 309.9724  50.0857  1.70473921 44315
GSAT0210 (GALILEO 13)   
1 41550U 16030B   23188.29071487  .00000018  00000+0  00000+0 0  9992
2 41550  55.5378 251.3007 0004374 267.5745  92.4617  1.70473866 44304
INSAT-3DR               
1 41752U 16054A   23190.09403890 -.00000081  00000+0  00000+0 0  9991
2 41752   0.0718  94.4281 0010540 173.8495 126.3277  1.00271112 25035
GSAT0207 (GALILEO 15)   
1 41859U 16069A   23188.53890117  .00000016  00000+0  00000+0 0  9990
2 41859  54.9441 130.9030 0004973 300.0629  59.8544  1.70473873 41285
GSAT0212 (GALILEO 16)   
1 41860U 16069B   23188.98022085  .00000015  00000+0  00000+0 0  9991
2 41860  54.9419 130.8878 0003650 324.1033  35.8404  1.70474052 41322
GSAT0213 (GALILEO 17)   
1 41861U 16069C   23188.17265727  .00000016  00000+0  00000+0 0  9996
2 41861  54.9439 130.9161 0004873 280.9039  79.0064  1.70472750 41307
GSAT0214 (GALILEO 18)   
1 41862U 16069D   23188.31984366  .00000016  00000+0  00000+0 0  9990
2 41862  54.9423 130.9059 0003935 286.1175  73.8050  1.70472586 41308
GOES 16                 
1 41866U 16071A   23190.49438493 -.00000252  00000+0  00000+0 0  9997
2 41866   0.0306 209.2240 0000391 327.5832 213.1194  1.00270307 24331
GSAT-17                 
1 42815U 17040B   23189.89703381 -.00000262  00000+0  00000+0 0  9993
2 42815   0.0778  97.7208 0001802 172.2929  72.9849  1.00271718 22101
GSAT0215 (GALILEO 19)   
1 43055U 17079A   23189.39593062  .00000012  00000+0  00000+0 0  9992
2 43055  55.5136 251.0957 0002947 259.6645 100.3824  1.70474541 34662
GSAT0216 (GALILEO 20)   
1 43056U 17079B   23190.27446676  .00000010  00000+0  00000+0 0  9998
2 43056  55.5137 251.0714 0004551 269.2048  90.8198  1.70474630 34668
GSAT0217 (GALILEO 21)   
1 43057U 17079C   23185.80218597  .00000037  00000+0  00000+0 0  9990
2 43057  55.5139 251.1939 0003663 282.3311  77.7271  1.70474669 34605
GSAT0218 (GALILEO 22)   
1 43058U 17079D   23188.36853926  .00000017  00000+0  00000+0 0  9994
2 43058  55.5125 251.1206 0005011 266.5401  93.4884  1.70474565 34645
GOES 17                 
1 43226U 18022A   23190.54801081 -.00000094  00000+0  00000+0 0  9994
2 43226   0.0363 189.2421 0002246 284.6052 265.9194  1.00271067 19672
GSAT0221 (GALILEO 25)   
1 43564U 18060A   23189.44117859 -.00000085  00000+0  00000+0 0  9991
2 43564  57.2767  10.7580 0001427 291.6457  68.3593  1.70475706 30854
GSAT0222 (GALILEO 26)   
1 43565U 18060B   23184.96843627 -.00000069  00000+0  00000+0 0  9995
2 43565  57.2775  10.8796 0001303 324.7598  35.2634  1.70475606 30815
GSAT0219 (GALILEO 23)   
1 43566U 18060C   23189.29501208 -.00000085  00000+0  00000+0 0  9991
2 43566  57.2792  10.7650 0000995 334.5785  25.4369  1.70475666 30863
GSAT0220 (GALILEO 24)   
1 43567U 18060D   23187.75563962 -.00000080  00000+0  00000+0 0  9991
2 43567  57.2785  10.8066 0000863 313.2023  46.8128  1.70475316 30818
BEIDOU-3 M13            
1 43622U 18072A   23187.40713710 -.00000013  00000+0  00000+0 0  9992
2 43622  55.7277  98.4731 0006917 301.1291  58.8246  1.86231609 32604
BEIDOU-3 M14            
1 43623U 18072B   23188.61630265 -.00000019  00000+0  00000+0 0  9996
2 43623  55.7303  98.4255 0005234 327.9249 212.9563  1.86231602 32626
GPS BIII-1              
1 43873U 18109A   23190.34442514  .00000030  00000+0  00000+0 0  9997
2 43873  55.1798 134.6175 0024787 193.7977   0.4676  2.00566131 33485
METEOR-M2 2             
1 44387U 19038A   23190.51885003  .00000038  00000+0  36152-4 0  9993
2 44387  98.7766 154.3794 0000660 170.2913 189.8278 14.23790871208486
GPS BIII-2              
1 44506U 19056A   23186.47609184 -.00000075  00000+0  00000+0 0  9990
2 44506  55.8093  13.8484 0034169 182.7407 358.8614  2.00564407 28453
BEIDOU-3 M23            
1 44542U 19061A   23189.26263261  .00000057  00000+0  00000+0 0  9997
2 44542  54.4956 219.0257 0007881 332.8674  27.1472  1.86231240 25778
BEIDOU-3 M24            
1 44543U 19061B   23189.92836913  .00000061  00000+0  00000+0 0  9996
2 44543  54.4938 218.9722 0005609 313.1301  45.0472  1.86231515 25784
BEIDOU-3 M21            
1 44793U 19078A   23189.64464960 -.00000094  00000+0  00000+0 0  9996
2 44793  54.7936 337.3000 0005905  28.1696 331.8592  1.86232142 24646
BEIDOU-3 M22            
1 44794U 19078B   23186.55366071 -.00000081  00000+0  00000+0 0  9994
2 44794  54.7691 337.3900 0003853  28.1949 331.8201  1.86232542 24589
ELEKTRO-L 3             
1 44903U 19095A   23189.80773545 -.00000101  00000+0  00000+0 0  9997
2 44903   0.0578 192.9983 0001540 293.5295 166.7101  1.00270627 12929
GPS BIII-3              
1 45854U 20041A   23188.29424672 -.00000050  00000+0  00000+0 0  9995
2 45854  55.8311  71.0560 0033498 185.9693 171.8790  2.00564749 22451
COSMOS 2547             
1 46805U 20075A   23190.27770328  .00000053  00000+0  00000+0 0  9994
2 46805  64.6173 228.4246 0008667 242.9817 116.9979  2.13103062 21025
GPS BIII-4              
1 46826U 20078A   23189.43825087 -.00000005  00000+0  00000+0 0  9997
2 46826  54.3381 254.4185 0034043 193.0257 246.3067  2.00562521 19946
GSAT0223 (GALILEO 27)   
1 49809U 21116A   23189.95670759 -.00000087  00000+0  00000+0 0  9996
2 49809  57.2699  10.6431 0002379 138.8441 222.2543  1.70475544  9865
GSAT0224 (GALILEO 28)   
1 49810U 21116B   23190.35773473 -.00000088  00000+0  00000+0 0  9992
2 49810  57.2717  10.6307 0002467 125.7421 233.9543  1.70475586  9899
GOES 18                 
1 51850U 22021A   23190.53109090  .00000093  00000+0  00000+0 0  9998
2 51850   0.0212 206.1369 0000530 296.0463 199.2022  1.00272966  5037
