LEMUR-1                 
1 40044U 14033AL  23190.43622931  .00001502  00000+0  21739-3 0  9990
2 40044  97.6694   3.6476 0056334 345.9084  14.0552 14.76469082486940
LEMUR-2-ANUBHAVTHAKUR   
1 41873U 16062E   23190.13393342  .00018105  00000+0  46192-3 0  9990
2 41873  51.6772 337.4464 0005526 217.0065 143.0540 15.39550688368625
LEMUR-2-SATCHMO         
1 41993U 17008AX  23190.15698942  .00065328  00000+0  82196-3 0  9993
2 41993  97.1954 253.1412 0003306 253.3808 106.7087 15.59444875355769
LEMUR-2-RDEATON         
1 41995U 17008AZ  23190.13723726  .00054749  00000+0  83195-3 0  9997
2 41995  97.2091 252.9030 0002582 268.2516  91.8442 15.54391768356399
LEMUR-2-MIA-GRACE       
1 41998U 17008BC  23190.14212511  .00052085  00000+0  77177-3 0  9990
2 41998  97.2074 252.4037 0003135 253.3841 106.7070 15.55094271355613
LEMUR-2-SHAINAJOHL      
1 42771U 17036G   23190.52004913  .00116566  00000+0  10440-2 0  9992
2 42771  97.1419 230.7218 0000918   1.7446 358.3819 15.67967097336621
LEMUR-2-LUCYBRYCE       
1 42773U 17036J   23189.83072770  .00111333  00000+0  13380-2 0  9995
2 42773  97.1440 228.4542 0003140  33.1167 327.0287 15.60489506336359
LEMUR-2-KUNGFOO         
1 42774U 17036K   23189.85561843  .00166353  00000+0  13530-2 0  9991
2 42774  97.1385 230.7648 0000294 225.7014 134.4225 15.70170501336566
LEMUR-2-LISASAURUS      
1 42780U 17036R   23190.29974368  .00284466  00000+0  12860-2 0  9999
2 42780  97.1284 233.4681 0003962 209.1383 150.9666 15.83234288336758
LEMUR-2-SAM-AMELIA      
1 42781U 17036S   23189.87591367  .00037342  00000+0  79004-3 0  9999
2 42781  97.1449 228.6732 0006810  31.9416 328.2245 15.45019526336340
LEMUR-2-MCPEAKE         
1 42782U 17036T   23190.39774113  .00147677  00000+0  12758-2 0  9996
2 42782  97.1395 234.1791 0000139  17.7843 342.3424 15.68756447336804
LEMUR-2-GREENBERG       
1 42837U 17042N   23189.81483973  .00005349  00000+0  46220-3 0  9991
2 42837  97.3901  31.1544 0012266 135.2814 224.9400 14.97547565326009
LEMUR-2-ANDIS           
1 42838U 17042P   23189.87461508  .00004566  00000+0  39560-3 0  9997
2 42838  97.3891  31.0905 0012408 133.5759 226.6496 14.97515189326017
LEMUR-2-MONSON          
1 42839U 17042Q   23189.82819082  .00005495  00000+0  47942-3 0  9992
2 42839  97.3905  30.7363 0012621 134.6163 225.6092 14.97158103325970
LEMUR-2-FURIAUS         
1 42840U 17042R   23189.80026493  .00004002  00000+0  35094-3 0  9996
2 42840  97.3941  31.0887 0012629 135.1738 225.0507 14.97114546325966
LEMUR-2-PETERG          
1 42841U 17042S   23190.50832820  .00003696  00000+0  32394-3 0  9993
2 42841  97.3951  33.0694 0013028 129.0634 231.1750 14.97167344326140
LEMUR-2-DEMBITZ         
1 42842U 17042T   23190.53903559  .00003378  00000+0  29400-3 0  9996
2 42842  97.3933  33.0293 0012325 127.9719 232.2620 14.97503528326164
LEMUR-2-ZACHARY         
1 42845U 17042W   23190.52756840  .00005038  00000+0  41554-3 0  9996
2 42845  97.3833  32.2582 0012348 123.0426 237.1986 14.99377249326244
LEMUR-2-MARSHALL        
1 43165U 18010C   23190.05137926  .00166127  00000+0  12040-2 0  9998
2 43165  82.8901  51.0639 0003889   7.7036 352.4287 15.72917894304049
LEMUR-2-TALLHAMN-ATC    
1 43167U 18010E   23189.63849334  .00061901  00000+0  10843-2 0  9998
2 43167  82.9044  62.1588 0014859  42.6598 317.5805 15.50225697303312
LEMUR-2-JIN-LUEN        
1 43182U 18014C   23190.46372983  .00005286  00000+0  38436-3 0  9996
2 43182  97.6160  92.4525 0016563  86.5002 273.8118 15.04145502296956
LEMUR-2-URAMCHANSOL     
1 43183U 18014D   23190.17100445  .00007095  00000+0  49742-3 0  9999
2 43183  97.6129  92.6432 0017076  78.7647 281.5497 15.05385346296936
LEMUR-2-KADI            
1 43184U 18014E   23190.17461832  .00007633  00000+0  54845-3 0  9998
2 43184  97.6028  91.9551 0015243  67.4959 292.7879 15.04460237296901
LEMUR-2-THENICKMOLO     
1 43185U 18014F   23190.47874909  .00007022  00000+0  50359-3 0  9993
2 43185  97.6064  92.6882 0010823  68.7594 291.4787 15.04610458296967
LEMUR-2-ZUPANSKI        
1 43695U 18088F   23189.63305746  .00080017  00000+0  97303-3 0  9999
2 43695  85.0131  51.0975 0009291 120.7686 239.4492 15.60225196259269
LEMUR-2-CHANUSIAK       
1 43697U 18088H   23189.88523484  .00162567  00000+0  10494-2 0  9995
2 43697  85.0133  49.6822 0011873 137.1991 223.0206 15.75556722259593
LEMUR-2-CHRISTINAHOLT   
1 43882U 18111G   23190.19426211  .00007338  00000+0  51115-3 0  9994
2 43882  97.6528  98.0132 0012067  71.9901 288.2640 15.05676041245815
LEMUR-2-TINYKEV         
1 43883U 18111H   23190.50675385  .00010006  00000+0  67077-3 0  9998
2 43883  97.6313  98.2288 0011908  65.9218 294.3254 15.07009629245890
LEMUR-2-REMY-COLTON     
1 43884U 18111J   23189.96757811  .00010173  00000+0  69204-3 0  9991
2 43884  97.6430  98.5075 0003237  74.0531 286.1052 15.06511660245834
LEMUR-2-GUSTAVO         
1 43885U 18111K   23189.70441974  .00010251  00000+0  70437-3 0  9991
2 43885  97.6422  97.6778 0017748  70.2230 290.0909 15.06012848245752
LEMUR-2-ZO              
1 43886U 18111L   23190.48899124  .00007777  00000+0  53648-3 0  9997
2 43886  97.6327  98.4578 0016076  84.0555 276.2503 15.05972141245880
LEMUR-2-NATALIEMURRAY   
1 43887U 18111M   23189.99992133  .00009229  00000+0  63115-3 0  9990
2 43887  97.6449  98.7266 0012770  42.5284 317.6930 15.06280527247830
LEMUR-2-SARAHBETTYBOO   
1 43888U 18111N   23189.71066831  .00010086  00000+0  68240-3 0  9995
2 43888  97.6762  99.8189 0014555 114.1948 246.0803 15.06637789247808
LEMUR-2-DAISY-HARPER    
1 43889U 18111P   23189.71002378  .00011567  00000+0  78418-3 0  9995
2 43889  97.6684  99.7568 0012819 113.0187 247.2394 15.06543150247802
LEMUR-2-LILLYJO         
1 44396U 19038L   23190.20297352  .00030228  00000+0  81175-3 0  9991
2 44396  97.6449 173.0885 0014116 202.0735 157.9903 15.37785191222064
LEMUR-2-WANLI           
1 44402U 19038S   23190.42206078  .00033847  00000+0  83583-3 0  9993
2 44402  97.6420 173.2279 0013113 203.0292 157.0367 15.40347422222098
LEMUR-2-MORAG           
1 44403U 19038T   23190.21655739  .00026438  00000+0  78277-3 0  9995
2 44403  97.6525 173.2383 0014171 204.8073 155.2490 15.34762502222025
LEMUR-2-DUSTINTHEWIND   
1 44405U 19038V   23190.19467719  .00028288  00000+0  78300-3 0  9995
2 44405  97.6494 172.3235 0015572 203.6040 156.4491 15.36837376222012
LEMUR-2-ALEX-MADDY      
1 44407U 19038X   23189.72625724  .00019268  00000+0  65534-3 0  9999
2 44407  97.6619 170.3239 0015066 218.9836 141.0319 15.30380490221758
LEMUR-2-EJATTA          
1 44409U 19038Z   23189.51439038  .00031585  00000+0  84640-3 0  9994
2 44409  97.6461 172.7064 0013948 201.8923 158.1726 15.37843746221994
LEMUR-2-GREGROBINSON    
1 44411U 19038AB  23189.91673768  .00030704  00000+0  77632-3 0  9996
2 44411  97.6463 173.8084 0014802 226.4801 133.5214 15.39624020221703
LEMUR-2-YNDRD           
1 44413U 19038AD  23190.49865779  .00017068  00000+0  54593-3 0  9997
2 44413  97.6570 171.1791 0014515 213.6270 146.4051 15.32395331221906
LEMUR-2-JPGSQUARED      
1 44855U 19089D   23190.33057673  .00018296  00000+0  98392-3 0  9991
2 44855  36.9636 304.0408 0006758 155.4722 204.6347 15.14166674196409
LEMUR-2-HIMOMANDDAD     
1 44860U 19089J   23189.60735293  .00020799  00000+0  11189-2 0  9995
2 44860  36.9650 310.2873 0006823 142.1336 217.9891 15.14120994196252
LEMUR-2-PAPPY           
1 44861U 19089K   23188.75130850  .00016856  00000+0  95848-3 0  9993
2 44861  36.9635 317.3090 0006465 131.6270 228.5030 15.12201600196061
LEMUR-2-THEODOSIA       
1 44863U 19089M   23190.01782669  .00023438  00000+0  12415-2 0  9990
2 44863  36.9625 306.0945 0007069 150.6204 209.4940 15.14636987196201
LEMUR-2-ETHANOAKES      
1 46298U 20061AC  23189.73021877  .00058848  00000+0  13282-2 0  9996
2 46298  97.4035 263.6481 0002204 178.2395 181.8860 15.43015408157402
LEMUR-2-OSCARLATOR      
1 46299U 20061AD  23189.75110165  .00084289  00000+0  15374-2 0  9990
2 46299  97.4068 264.7715 0002810 198.4241 161.6908 15.49140347157505
LEMUR-2-SCHMIDTFALL     
1 46315U 20061AV  23189.79937063  .00090614  00000+0  15800-2 0  9990
2 46315  97.4067 265.7006 0003671 192.5415 167.5746 15.50396331157605
LEMUR-2-DJUPROERA       
1 46316U 20061AW  23189.73930629  .00135526  00000+0  17915-2 0  9997
2 46316  97.4061 266.7642 0004311 207.5834 152.5193 15.57871808157672
LEMUR-2-SQUAREJAWS      
1 46317U 20061AX  23189.79421355  .00109919  00000+0  16971-2 0  9993
2 46317  97.4060 266.2640 0003876 200.8996 159.2099 15.53732397157657
LEMUR-2-URSA-AVION      
1 46318U 20061AY  23189.80142562  .00104349  00000+0  16771-2 0  9996
2 46318  97.4057 266.0857 0003778 199.9817 160.1288 15.52637402157643
LEMUR-2-SLICERS         
1 46500U 20068Q   23190.11239796  .00018626  00000+0  92319-3 0  9993
2 46500  97.7558 139.7316 0012062  63.4408 296.8060 15.17737305152462
LEMUR-2-DAYWZAGOODDAY   
1 46501U 20068R   23190.41357238  .00017526  00000+0  87705-3 0  9990
2 46501  97.7579 140.3615 0011823  60.6593 299.5819 15.17418709152516
LEMUR-2-SUSURRUS        
1 46502U 20068S   23190.31123402  .00019141  00000+0  94921-3 0  9997
2 46502  97.7563 139.9410 0011421  63.7550 296.4855 15.17719963152497
LEMUR-2-NICHOL          
1 46503U 20068T   23190.16530235  .00014804  00000+0  76201-3 0  9999
2 46503  97.7579 139.5476 0011996  66.9131 293.3365 15.16465611152455
LEMUR-2-OZARAK          
1 46908U 20081D   23189.10199851  .00018902  00000+0  10969-2 0  9991
2 46908  36.9001  80.5162 0008580 345.5485  14.5013 15.11421049146312
LEMUR-2-JINDRA          
1 46909U 20081E   23189.75254392  .00020452  00000+0  11176-2 0  9999
2 46909  36.9001  71.8308 0008697 358.6846   1.3875 15.13551973146472
LEMUR-2-WALLACE         
1 46910U 20081F   23190.00594706  .00019158  00000+0  10737-2 0  9990
2 46910  36.9004  71.9925 0008623 357.6768   2.3936 15.12668100146484
LEMUR-2-JEREMIAH        
1 46911U 20081G   23189.07975607  .00020005  00000+0  11521-2 0  9994
2 46911  36.9039  78.5630 0009338 351.3614   8.6969 15.11674988146344
LEMUR-2-NEVA            
1 47450U 21006AP  23190.11388343  .00039379  00000+0  11219-2 0  9991
2 47450  97.3910 250.7825 0005452  16.0807 344.0608 15.35971082136183
LEMUR-2-SAOIRSEDH5GUO   
1 47453U 21006AS  23190.14953176  .00041147  00000+0  10769-2 0  9994
2 47453  97.3940 251.4852 0004187  19.8522 340.2885 15.38603730136210
LEMUR-2-NALLYWACKER     
1 47457U 21006AW  23190.16120814  .00047700  00000+0  12320-2 0  9991
2 47457  97.3915 251.4651 0004581  13.4343 346.7023 15.38974145136230
LEMUR-2-MANGO1          
1 47493U 21006CJ  23190.11502904  .00023424  00000+0  79646-3 0  9992
2 47493  97.3873 248.4870 0006177  20.1723 339.9761 15.30434844136076
LEMUR-2-RUAIRI-EILIDH   
1 47511U 21006DC  23190.10402004  .00033096  00000+0  10258-2 0  9991
2 47511  97.3855 248.5614 0004347  33.6426 326.5092 15.33350601136081
LEMUR-2-JENNIFERSONG    
1 47525U 21006DR  23190.15276123  .00043151  00000+0  11117-2 0  9990
2 47525  97.3867 250.9621 0004586  11.9048 348.2305 15.39075513136235
LEMUR-2-CHANTAL         
1 47529U 21006DV  23190.16212592  .00020028  00000+0  66991-3 0  9994
2 47529  97.3845 247.9698 0004688  28.2473 331.9022 15.31006382137002
LEMUR-2-NOOBNOOB        
1 47538U 21006DY  23190.40257164  .00021298  00000+0  65338-3 0  9999
2 47538  97.3902 250.6435 0006019  11.8242 348.3141 15.33760477136195
LEMUR-2-AMANDA-SVANTE   
1 48269U 21034B   23190.45185979  .00005815  00000+0  57721-3 0  9995
2 48269  97.7050 257.6473 0002660 205.7890 154.3197 14.92118590119133
LEMUR-2-SPECIAL-K       
1 48273U 21034F   23190.42863505  .00006020  00000+0  59014-3 0  9991
2 48273  97.7053 257.6693 0002627 204.6289 155.4805 14.92598271119145
LEMUR-2-JACKSON         
1 48885U 21059G   23189.88482802  .00033876  00000+0  90782-3 0  9998
2 48885  97.5897 328.5695 0006672 186.9614 173.1539 15.37903636112819
LEMUR-2-ANNABANANA      
1 48923U 21059AW  23190.14857152  .00041754  00000+0  96555-3 0  9994
2 48923  97.5836 330.1163 0007656 169.6389 190.5017 15.42345120112979
LEMUR-2-JOHN-TREIRES    
1 48925U 21059AY  23189.65053351  .00053659  00000+0  10876-2 0  9997
2 48925  97.6005 331.5430 0008905 175.2294 184.9041 15.46180919112979
LEMUR-2-AC-CUBED        
1 48927U 21059BA  23190.12083435  .00034099  00000+0  88121-3 0  9995
2 48927  97.5977 330.3577 0011448 176.6740 183.4583 15.38977580112956
LEMUR-2-MERIMA          
1 48929U 21059BC  23189.91931699  .00038936  00000+0  91717-3 0  9995
2 48929  97.5841 330.5849 0010596 176.5536 183.5785 15.41776833112987
LEMUR-2-CARLSANTAMARI   
1 48959U 21059CJ  23190.36796211  .00228417  00000+0  16976-2 0  9996
2 48959  97.5906 336.2838 0005824 210.1824 149.9104 15.72135575113366
LEMUR-2-RAMONAMAE       
1 51021U 22002AP  23189.73469259  .00039607  00000+0  11468-2 0  9999
2 51021  97.4407 259.1028 0007584 158.4895 201.6669 15.35448700 82189
LEMUR-2-KING-JULIEN     
1 51022U 22002AQ  23190.41825309  .00035770  00000+0  10717-2 0  9992
2 51022  97.4384 259.4171 0007696 154.8238 205.3381 15.34392681 82278
LEMUR-2-ROHOVITHSA      
1 51036U 22002BE  23190.49221358  .00015163  00000+0  60290-3 0  9995
2 51036  97.4395 257.5223 0008654 161.4247 198.7309 15.25350603 82140
LEMUR-2-MIRIWARI        
1 51054U 22002BY  23190.11591098  .00015595  00000+0  60778-3 0  9995
2 51054  97.4382 257.1948 0007712 158.0035 202.1535 15.26022616 82093
LEMUR-2-DJIRANG         
1 51058U 22002CC  23189.72333785  .00023406  00000+0  90927-3 0  9990
2 51058  97.4360 256.6510 0007507 157.7214 202.4352 15.26044306 82033
LEMUR-2-TENNYSONLILY    
1 52732U 22057A   23189.55555051  .00031947  00000+0  10825-2 0  9990
2 52732  97.5518 307.8478 0005520 273.9093  86.1516 15.30487872 62020
LEMUR-2-VANDENDRIES     
1 52733U 22057B   23190.04549304  .00014540  00000+0  59409-3 0  9993
2 52733  97.5360 306.6751 0004608 278.5358  81.5357 15.24474857 62033
LEMUR-2-KAREN B         
1 52736U 22057E   23190.05214193  .00036087  00000+0  11657-2 0  9994
2 52736  97.5380 308.0042 0004841 256.6661 103.4041 15.32008068 62120
LEMUR-2-HANCOM-1        
1 52740U 22057J   23190.56555568  .00015841  00000+0  63174-3 0  9996
2 52740  97.5548 308.3413 0007166 269.7154  90.3263 15.25256443 62125
LEMUR-2-MIMI1307        
1 52769U 22057AP  23190.04297116  .00010354  00000+0  42339-3 0  9996
2 52769  97.5484 308.0456 0009676 245.7080 114.3147 15.24501508 62064
LEMUR-2-PHILARI         
1 55013U 23001E   23189.73361925  .00019215  00000+0  88686-3 0  9995
2 55013  97.4732 249.2689 0006711 296.5266  63.5281 15.20245818 28358
LEMUR-2-DISCLAIMER      
1 55014U 23001F   23190.39684632  .00016809  00000+0  78585-3 0  9996
2 55014  97.4783 250.0082 0007990 300.7523  59.2925 15.19822460 28456
LEMUR-2-STEVEALBERS     
1 55017U 23001J   23190.16376389  .00016118  00000+0  75972-3 0  9991
2 55017  97.4721 249.5782 0007151 296.7525  63.2977 15.19554946 28415
LEMUR-2-EMMACULATE      
1 55037U 23001AE  23190.42684990  .00019436  00000+0  83709-3 0  9995
2 55037  97.4794 250.6249 0011751 281.4648  78.5268 15.22573151 28499
LEMUR-2-MMOLO           
1 55038U 23001AF  23190.12414563  .00026172  00000+0  11039-2 0  9991
2 55038  97.4807 250.4531 0011913 284.7838  75.2079 15.23217268 28459
LEMUR-2-FUENTETAJA-01   
1 55088U 23001CH  23190.11022360  .00022539  00000+0  10039-2 0  9997
2 55088  97.4819 250.1937 0012214 284.8328  75.1554 15.21390295 28439
LEMUR-2-ONREFLECTION    
1 56182U 23054E   23190.49884151  .00014126  00000+0  58807-3 0  9995
2 56182  97.3948  85.0351 0006943 327.2024  32.8782 15.23833976 13571
LEMUR-2-SPACEGUS        
1 56187U 23054K   23189.42892730  .00015750  00000+0  64284-3 0  9993
2 56187  97.3957  84.0300 0006437 318.2011  41.8734 15.24478823 13410
LEMUR-2-ROMEO-N-LEO     
1 56206U 23054AE  23190.16416644  .00024656  00000+0  91545-3 0  9999
2 56206  97.3937  85.0165 0009675 297.3909  62.6345 15.27516712 13546
LEMUR-2-EMBRIONOVIS     
1 56970U 23084AQ  23190.31465585  .00003424  00000+0  19180-3 0  9990
2 56970  97.5199 306.5784 0017488 121.9208 238.3728 15.13960870  4000
LEMUR-2-NAZIYAH         
1 56974U 23084AU  23190.11290058  .00010266  00000+0  56180-3 0  9996
2 56974  97.5108 306.3552 0016803 118.3186 241.9743 15.14316449  3970
LEMUR-2-AADAM-ALIYAH    
1 56977U 23084AX  23189.31873067  .00012002  00000+0  65471-3 0  9999
2 56977  97.5132 305.5811 0017110 121.7267 238.5635 15.14386194  3852
